spawn cpmsim -z -d /private/tmp/inv013-disk

#######  #####    ###            #####    ###   #     #
     #  #     #  #   #          #     #    #    ##   ##
    #   #     # #     #         #          #    # # # #
   #     #####  #     #  #####   #####     #    #  #  #
  #     #     # #     #               #    #    #     #
 #      #     #  #   #          #     #    #    #     #
#######  #####    ###            #####    ###   #     #

Release 1.39, Copyright (C) 1987-2025 by Udo Munk and others

CPU speed is unlimited, CPU executes undocumented instructions

Booting...

64K CP/M Vers. 2.2 (Z80 CBIOS V1.2 for Z80SIM, Copyright 1988-2007 by Udo Munk)

A>RAND013
RAND013 result current fcb[36] dma0
SETRR-0 00 00 00 4F 4E 45 20 20 20 20 20 44 41 54 00 00 00 00 00 00 00 00 00 00 00 00 00 00 00 00 00 00 00 00 00 00 00 00 00
SETRR-1 00 00 00 4F 4E 45 20 20 20 20 20 44 41 54 00 00 00 00 00 00 00 00 00 00 00 00 00 00 00 00 00 00 00 00 01 01 00 00 00
SETRR-127 00 00 00 4F 4E 45 20 20 20 20 20 44 41 54 00 00 00 00 00 00 00 00 00 00 00 00 00 00 00 00 00 00 00 00 7F 7F 00 00 00
SETRR-CR128 00 00 00 4F 4E 45 20 20 20 20 20 44 41 54 00 00 00 00 00 00 00 00 00 00 00 00 00 00 00 00 00 00 00 00 80 80 00 00 00
SETRR-EX1 00 00 00 4F 4E 45 20 20 20 20 20 44 41 54 01 00 00 00 00 00 00 00 00 00 00 00 00 00 00 00 00 00 00 00 00 80 00 00 00
SETRR-255 00 00 00 4F 4E 45 20 20 20 20 20 44 41 54 01 00 00 00 00 00 00 00 00 00 00 00 00 00 00 00 00 00 00 00 7F FF 00 00 00
SETRR-256 00 00 00 4F 4E 45 20 20 20 20 20 44 41 54 02 00 00 00 00 00 00 00 00 00 00 00 00 00 00 00 00 00 00 00 00 00 01 00 00
SETRR-65535 00 00 00 4F 4E 45 20 20 20 20 20 44 41 54 1F 00 0F 00 00 00 00 00 00 00 00 00 00 00 00 00 00 00 00 00 7F FF FF 00 00
SIZE-EMPTY FF 00 00 45 4D 50 54 59 20 20 20 44 41 54 00 00 00 00 00 00 00 00 00 00 00 00 00 00 00 00 00 00 00 00 00 00 00 00 00
SIZE-ONE FF 00 00 4F 4E 45 20 20 20 20 20 44 41 54 00 00 00 00 00 00 00 00 00 00 00 00 00 00 00 00 00 00 00 00 00 01 00 00 00
SIZE-127 FF 00 00 52 45 43 31 32 37 20 20 44 41 54 00 00 00 00 00 00 00 00 00 00 00 00 00 00 00 00 00 00 00 00 00 7F 00 00 00
SIZE-128 FF 00 00 52 45 43 31 32 38 20 20 44 41 54 00 00 00 00 00 00 00 00 00 00 00 00 00 00 00 00 00 00 00 00 00 80 00 00 00
SIZE-130 FF 00 00 42 49 47 31 33 30 20 20 44 41 54 00 00 00 00 00 00 00 00 00 00 00 00 00 00 00 00 00 00 00 00 00 82 00 00 00
READ-0 00 00 00 42 49 47 31 33 30 20 20 44 41 54 00 00 80 80 25 26 27 28 29 2A 2B 2C 2D 2E 2F 30 31 32 33 34 00 00 00 00 41
READ-64 00 00 00 42 49 47 31 33 30 20 20 44 41 54 00 00 80 80 25 26 27 28 29 2A 2B 2C 2D 2E 2F 30 31 32 33 34 40 40 00 00 00
READ-129 00 00 00 42 49 47 31 33 30 20 20 44 41 54 01 00 80 02 35 00 00 00 00 00 00 00 00 00 00 00 00 00 00 00 01 81 00 00 4E
READ-EOF130 01 00 00 42 49 47 31 33 30 20 20 44 41 54 01 00 80 02 35 00 00 00 00 00 00 00 00 00 00 00 00 00 00 00 02 82 00 00 EE
READ-NOEXT256 04 00 00 42 49 47 31 33 30 20 20 44 41 54 02 00 C0 02 35 00 00 00 00 00 00 00 00 00 00 00 00 00 00 00 00 00 01 00 EE
READ-EMPTY 01 00 00 45 4D 50 54 59 20 20 20 44 41 54 00 00 80 00 00 00 00 00 00 00 00 00 00 00 00 00 00 00 00 00 00 00 00 00 EE
WRITE-OVER0 00 00 00 4F 4E 45 20 20 20 20 20 44 41 54 00 00 80 01 04 00 00 00 00 00 00 00 00 00 00 00 00 00 00 00 00 00 00 00 57
WRITE-APPEND1 00 00 00 4F 4E 45 20 20 20 20 20 44 41 54 00 00 00 02 04 00 00 00 00 00 00 00 00 00 00 00 00 00 00 00 01 01 00 00 41
WRITE-SPARSE10 00 00 00 53 50 41 52 53 45 20 20 44 41 54 00 00 00 0B 00 36 00 00 00 00 00 00 00 00 00 00 00 00 00 00 0A 0A 00 00 53
SIZE-SPARSE11 FF 00 00 53 50 41 52 53 45 20 20 44 41 54 00 00 00 00 00 00 00 00 00 00 00 00 00 00 00 00 00 00 00 00 00 0B 00 00 53
READ-SPARSE5 01 00 00 53 50 41 52 53 45 20 20 44 41 54 00 00 80 0B 00 36 00 00 00 00 00 00 00 00 00 00 00 00 00 00 05 05 00 00 EE
READ-SPARSE10 00 00 00 53 50 41 52 53 45 20 20 44 41 54 00 00 80 0B 00 36 00 00 00 00 00 00 00 00 00 00 00 00 00 00 0A 0A 00 00 53
WRITE-128 00 00 00 43 52 4F 53 53 20 20 20 44 41 54 01 00 00 01 37 00 00 00 00 00 00 00 00 00 00 00 00 00 00 00 00 80 00 00 58
SIZE-CROSS129 FF 00 00 43 52 4F 53 53 20 20 20 44 41 54 00 00 00 00 00 00 00 00 00 00 00 00 00 00 00 00 00 00 00 00 00 81 00 00 58
WRITE-65535 00 00 00 4D 41 58 52 45 43 20 20 44 41 54 1F 00 0F 80 00 00 00 00 00 00 00 00 00 00 00 00 00 00 00 38 7F FF FF 00 4D
SIZE-65536 FF 00 00 4D 41 58 52 45 43 20 20 44 41 54 00 00 00 00 00 00 00 00 00 00 00 00 00 00 00 00 00 00 00 00 00 00 00 01 4D
READ-R2-OVER 06 00 00 4F 4E 45 20 20 20 20 20 44 41 54 00 00 80 02 04 00 00 00 00 00 00 00 00 00 00 00 00 00 00 00 00 00 00 01 EE
WRITE-DISKFULL 02 00 02 46 55 4C 4C 57 52 20 20 44 41 54 00 00 80 00 00 00 00 00 00 00 00 00 00 00 00 00 00 00 00 00 00 00 00 00 46

A>[0;31mE (25117) IO: can't read console 0[0m

User Interrupt at 0xfbc1
I/O ran for 62 ms, waited for 0 ms
CPU executed 5354507 t-states in 3 ms
Clock frequency 1557.90 MHz
