spawn cpmsim -z -d /private/tmp/inv011-disk

#######  #####    ###            #####    ###   #     #
     #  #     #  #   #          #     #    #    ##   ##
    #   #     # #     #         #          #    # # # #
   #     #####  #     #  #####   #####     #    #  #  #
  #     #     # #     #               #    #    #     #
 #      #     #  #   #          #     #    #    #     #
#######  #####    ###            #####    ###   #     #

Release 1.39, Copyright (C) 1987-2025 by Udo Munk and others

CPU speed is unlimited, CPU executes undocumented instructions

Booting...

64K CP/M Vers. 2.2 (Z80 CBIOS V1.2 for Z80SIM, Copyright 1988-2007 by Udo Munk)

A>WRITE011
WRITE011 result current fcb[33] dma[0..3,127]
MAKE-NEW 01 00 00 4E 45 57 20 20 20 20 20 44 41 54 00 00 80 00 00 00 00 00 00 00 00 00 00 00 00 00 00 00 00 00 00 00 00 00 00 00
SEARCH-MADE 01 00 4E 45 57 20 20 20 20 20 44 41 54 00 00 00 00 00 00 00 00 00 00 00 00 00 00 00 00 00 00 00 00 
WRITE-ONE 00 00 00 4E 45 57 20 20 20 20 20 44 41 54 00 00 00 01 04 00 00 00 00 00 00 00 00 00 00 00 00 00 00 00 01 41 00 00 00 00
SEARCH-PRECLOSE 01 00 4E 45 57 20 20 20 20 20 44 41 54 00 00 00 00 00 00 00 00 00 00 00 00 00 00 00 00 00 00 00 00 
CLOSE-ONE 01 00 00 4E 45 57 20 20 20 20 20 44 41 54 00 00 00 01 04 00 00 00 00 00 00 00 00 00 00 00 00 00 00 00 01 41 00 00 00 00
SEARCH-CLOSED 01 00 4E 45 57 20 20 20 20 20 44 41 54 00 00 00 01 04 00 00 00 00 00 00 00 00 00 00 00 00 00 00 00 
REOPEN-READ 00 00 00 4E 45 57 20 20 20 20 20 44 41 54 00 00 80 01 04 00 00 00 00 00 00 00 00 00 00 00 00 00 00 00 01 41 00 00 00 00
MAKE-EXISTING 02 00 00 4E 45 57 20 20 20 20 20 44 41 54 00 00 80 00 00 00 00 00 00 00 00 00 00 00 00 00 00 00 00 00 00 41 00 00 00 00
MAKE-WILDCARD 03 00 00 57 3F 4C 44 20 20 20 20 44 41 54 00 00 80 00 00 00 00 00 00 00 00 00 00 00 00 00 00 00 00 00 00 41 00 00 00 00
MULTI-ONE 00 00 00 4D 55 4C 54 49 20 20 20 44 41 54 00 00 00 01 05 00 00 00 00 00 00 00 00 00 00 00 00 00 00 00 01 4D 00 00 00 00
MULTI-THREE 00 00 00 4D 55 4C 54 49 20 20 20 44 41 54 00 00 00 03 05 00 00 00 00 00 00 00 00 00 00 00 00 00 00 00 03 4F 00 00 00 00
MULTI-CLOSE 00 00 00 4D 55 4C 54 49 20 20 20 44 41 54 00 00 00 03 05 00 00 00 00 00 00 00 00 00 00 00 00 00 00 00 03 4F 00 00 00 00
MULTI-REOPEN 00 00 00 4D 55 4C 54 49 20 20 20 44 41 54 00 00 80 03 05 00 00 00 00 00 00 00 00 00 00 00 00 00 00 00 01 4D 00 00 00 00
BIG-128 00 00 00 42 49 47 20 20 20 20 20 44 41 54 01 00 80 00 00 00 00 00 00 00 00 00 00 00 00 00 00 00 00 00 00 5A 00 00 00 00
BIG-129 00 00 00 42 49 47 20 20 20 20 20 44 41 54 01 00 00 01 16 00 00 00 00 00 00 00 00 00 00 00 00 00 00 00 01 51 00 00 00 00
BIG-CLOSE 02 00 00 42 49 47 20 20 20 20 20 44 41 54 01 00 00 01 16 00 00 00 00 00 00 00 00 00 00 00 00 00 00 00 01 51 00 00 00 00
ALT-WRITE 00 00 00 41 4C 54 44 4D 41 20 20 44 41 54 00 00 00 01 17 00 00 00 00 00 00 00 00 00 00 00 00 00 00 00 01 44 00 00 00 00
ALT-REOPEN 00 00 00 41 4C 54 44 4D 41 20 20 44 41 54 00 00 80 01 17 00 00 00 00 00 00 00 00 00 00 00 00 00 00 00 01 44 00 00 00 00
B-MAKE 03 00 02 42 46 49 4C 45 20 20 20 44 41 54 00 00 80 00 00 00 00 00 00 00 00 00 00 00 00 00 00 00 00 00 00 44 00 00 00 00
B-WRITE 00 00 02 42 46 49 4C 45 20 20 20 44 41 54 00 00 00 01 02 00 00 00 00 00 00 00 00 00 00 00 00 00 00 00 01 42 00 00 00 00
B-WRITE128 00 00 02 42 46 49 4C 45 20 20 20 44 41 54 01 00 80 80 02 03 04 05 06 07 08 09 0A 0B 0C 0D 0E 0F 10 11 80 42 00 00 00 00
B-WRITE129 01 00 02 42 46 49 4C 45 20 20 20 44 41 54 01 00 80 80 02 03 04 05 06 07 08 09 0A 0B 0C 0D 0E 0F 10 11 80 42 00 00 00 00
NOCLOSE-WRITE 00 00 00 4E 4F 43 4C 4F 53 45 20 44 41 54 00 00 00 01 18 00 00 00 00 00 00 00 00 00 00 00 00 00 00 00 01 55 00 00 00 00
NOCLOSE-SEARCH 00 00 4E 4F 43 4C 4F 53 45 20 44 41 54 00 00 00 00 00 00 00 00 00 00 00 00 00 00 00 00 00 00 00 00 
INVALID-WRITE 00 00 00 49 4E 56 41 4C 49 44 20 44 41 54 00 00 00 01 19 00 00 00 00 00 00 00 00 00 00 00 00 00 00 00 01 49 00 00 00 00
DIRFULL-MAKE FF 00 03 4E 4F 53 4C 4F 54 20 20 44 41 54 00 00 00 00 00 00 00 00 00 00 00 00 00 00 00 00 00 00 00 00 00 49 00 00 00 00
DISKFULL-MAKE 03 00 04 4E 4F 53 50 41 43 45 20 44 41 54 00 00 80 00 00 00 00 00 00 00 00 00 00 00 00 00 00 00 00 00 00 49 00 00 00 00
DISKFULL-WRITE 02 00 04 4E 4F 53 50 41 43 45 20 44 41 54 00 00 80 00 00 00 00 00 00 00 00 00 00 00 00 00 00 00 00 00 00 46 00 00 00 00

A>[0;31mE (25690) IO: can't read console 0[0m

User Interrupt at 0xfbc1
I/O ran for 61 ms, waited for 0 ms
CPU executed 7324429 t-states in 4 ms
Clock frequency 1761.10 MHz
