spawn cpmsim -z -d /private/tmp/inv012-disk

#######  #####    ###            #####    ###   #     #
     #  #     #  #   #          #     #    #    ##   ##
    #   #     # #     #         #          #    # # # #
   #     #####  #     #  #####   #####     #    #  #  #
  #     #     # #     #               #    #    #     #
 #      #     #  #   #          #     #    #    #     #
#######  #####    ###            #####    ###   #     #

Release 1.39, Copyright (C) 1987-2025 by Udo Munk and others

CPU speed is unlimited, CPU executes undocumented instructions

Booting...

64K CP/M Vers. 2.2 (Z80 CBIOS V1.2 for Z80SIM, Copyright 1988-2007 by Udo Munk)

A>DREN012
DELREN012 result current fcb[33] dma0
SEARCH-DEL-BEFORE 01 00 44 45 4C 4F 4E 45 20 20 44 41 54 00 00 00 01 04 00 00 00 00 00 00 00 00 00 00 00 00 00 00 00 
DELETE-ONE 00 00 00 44 45 4C 4F 4E 45 20 20 44 41 54 00 00 00 00 00 00 00 00 00 00 00 00 00 00 00 00 00 00 00 00 00 00
SEARCH-DEL-AFTER FF 
DELETE-NONE FF 00 00 4E 4F 46 49 4C 45 20 20 44 41 54 00 00 00 00 00 00 00 00 00 00 00 00 00 00 00 00 00 00 00 00 00 00
SEARCH-WILD-BEFORE 02 00 57 49 4C 44 31 20 20 20 44 41 54 00 00 00 01 05 00 00 00 00 00 00 00 00 00 00 00 00 00 00 00 
DELETE-WILDCARD 00 00 00 57 49 4C 44 3F 20 20 20 44 41 54 00 00 00 00 00 00 00 00 00 00 00 00 00 00 00 00 00 00 00 00 00 00
SEARCH-WILD-AFTER FF 
OPEN-AFTER-DELETE 00 00 00 4F 50 45 4E 44 45 4C 20 44 41 54 00 00 80 01 08 00 00 00 00 00 00 00 00 00 00 00 00 00 00 00 01 41
SEARCH-REUSE-BEFORE 02 00 52 45 55 53 45 20 20 20 44 41 54 00 00 00 01 09 00 00 00 00 00 00 00 00 00 00 00 00 00 00 00 
RECREATE-WRITE 00 00 00 52 45 55 53 45 20 20 20 44 41 54 00 00 00 01 04 00 00 00 00 00 00 00 00 00 00 00 00 00 00 00 01 4E
SEARCH-REUSE-AFTER 01 00 52 45 55 53 45 20 20 20 44 41 54 00 00 00 01 04 00 00 00 00 00 00 00 00 00 00 00 00 00 00 00 
DELETE-B 00 00 02 42 44 45 4C 20 20 20 20 44 41 54 00 00 00 00 00 00 00 00 00 00 00 00 00 00 00 00 00 00 00 00 00 00
USER0-DELETE-U1 FF 00 00 55 31 46 49 4C 45 20 20 44 41 54 00 00 00 00 00 00 00 00 00 00 00 00 00 00 00 00 00 00 00 00 00 00
USER1-DELETE-U1 00 00 00 55 31 46 49 4C 45 20 20 44 41 54 00 00 00 00 00 00 00 00 00 00 00 00 00 00 00 00 00 00 00 00 00 00
RENAME-SIMPLE 00 00 00 4F 4C 44 4E 41 4D 45 20 44 41 54 00 00 00 00 00 4E 45 57 4E 41 4D 45 20 44 41 54 00 00 00 00 00 00
SEARCH-OLD FF 
SEARCH-NEW 03 00 4E 45 57 4E 41 4D 45 20 44 41 54 00 00 00 03 0A 00 00 00 00 00 00 00 00 00 00 00 00 00 00 00 
RENAME-TO-EXISTING 00 00 00 53 52 43 46 49 4C 45 20 44 41 54 00 00 00 00 00 44 45 53 54 20 20 20 20 44 41 54 00 00 00 00 00 00
RENAME-NONE FF 00 00 4E 4F 53 52 43 20 20 20 44 41 54 00 00 00 00 00 57 4F 4E 54 20 20 20 20 44 41 54 00 00 00 00 00 00
RENAME-WILDCARD 00 00 00 57 52 45 4E 3F 20 20 20 44 41 54 00 00 00 00 00 58 52 45 4E 3F 20 20 20 44 41 54 00 00 00 00 00 00
SEARCH-XREN 02 00 58 52 45 4E 3F 20 20 20 44 41 54 00 00 00 01 0D 00 00 00 00 00 00 00 00 00 00 00 00 00 00 00 
RENAME-B 00 00 02 42 4F 4C 44 20 20 20 20 44 41 54 00 00 00 00 00 42 4E 45 57 20 20 20 20 44 41 54 00 00 00 00 00 00
OPEN-AFTER-RENAME 00 00 00 4F 50 4E 52 45 4E 20 20 44 41 54 00 00 80 01 0F 00 00 00 00 00 00 00 00 00 00 00 00 00 00 00 01 41

A>[0;31mE (30404) IO: can't read console 0[0m

User Interrupt at 0xfbc1
I/O ran for 75 ms, waited for 0 ms
CPU executed 3753466 t-states in 4 ms
Clock frequency 787.55 MHz
