spawn cpmsim -z -d /private/tmp/inv009-disk

#######  #####    ###            #####    ###   #     #
     #  #     #  #   #          #     #    #    ##   ##
    #   #     # #     #         #          #    # # # #
   #     #####  #     #  #####   #####     #    #  #  #
  #     #     # #     #               #    #    #     #
 #      #     #  #   #          #     #    #    #     #
#######  #####    ###            #####    ###   #     #

Release 1.39, Copyright (C) 1987-2025 by Udo Munk and others

CPU speed is unlimited, CPU executes undocumented instructions

Booting...

64K CP/M Vers. 2.2 (Z80 CBIOS V1.2 for Z80SIM, Copyright 1988-2007 by Udo Munk)

A>DSRCH009
DSRCH009 result current byte0080 dma[128]
EXACT   01 00 00 00 41 4C 50 48 41 20 20 20 54 58 54 00 06 00 01 02 00 00 00 00 00 00 00 00 00 00 00 00 00 00 00 00 42 45 54 41 20 20 20 20 54 58 54 00 05 00 01 03 00 00 00 00 00 00 00 00 00 00 00 00 00 00 00 00 47 41 4D 4D 41 20 20 20 42 49 4E 00 06 00 01 04 00 00 00 00 00 00 00 00 00 00 00 00 00 00 00 00 44 45 4C 54 41 20 20 20 54 58 54 00 06 00 01 05 00 00 00 00 00 00 00 00 00 00 00 00 00 00 00 
EX-NEXT FF 00 00 00 45 50 53 49 4C 4F 4E 20 54 58 54 00 08 00 01 06 00 00 00 00 00 00 00 00 00 00 00 00 00 00 00 00 44 53 52 43 48 30 30 39 43 4F 4D 00 68 00 0A 07 08 00 00 00 00 00 00 00 00 00 00 00 00 00 00 01 55 4F 4E 45 20 20 20 20 54 58 54 00 09 00 01 09 00 00 00 00 00 00 00 00 00 00 00 00 00 00 00 E5 43 52 45 46 38 30 20 20 43 4F 4D 00 00 00 20 1D 1E 1F 20 00 00 00 00 00 00 00 00 00 00 00 00 
NO-MATCHFF 00 00 00 45 50 53 49 4C 4F 4E 20 54 58 54 00 08 00 01 06 00 00 00 00 00 00 00 00 00 00 00 00 00 00 00 00 44 53 52 43 48 30 30 39 43 4F 4D 00 68 00 0A 07 08 00 00 00 00 00 00 00 00 00 00 00 00 00 00 01 55 4F 4E 45 20 20 20 20 54 58 54 00 09 00 01 09 00 00 00 00 00 00 00 00 00 00 00 00 00 00 00 E5 43 52 45 46 38 30 20 20 43 4F 4D 00 00 00 20 1D 1E 1F 20 00 00 00 00 00 00 00 00 00 00 00 00 
WILD-1  00 00 00 00 41 4C 50 48 41 20 20 20 54 58 54 00 06 00 01 02 00 00 00 00 00 00 00 00 00 00 00 00 00 00 00 00 42 45 54 41 20 20 20 20 54 58 54 00 05 00 01 03 00 00 00 00 00 00 00 00 00 00 00 00 00 00 00 00 47 41 4D 4D 41 20 20 20 42 49 4E 00 06 00 01 04 00 00 00 00 00 00 00 00 00 00 00 00 00 00 00 00 44 45 4C 54 41 20 20 20 54 58 54 00 06 00 01 05 00 00 00 00 00 00 00 00 00 00 00 00 00 00 00 
WILD-2  01 00 00 00 41 4C 50 48 41 20 20 20 54 58 54 00 06 00 01 02 00 00 00 00 00 00 00 00 00 00 00 00 00 00 00 00 42 45 54 41 20 20 20 20 54 58 54 00 05 00 01 03 00 00 00 00 00 00 00 00 00 00 00 00 00 00 00 00 47 41 4D 4D 41 20 20 20 42 49 4E 00 06 00 01 04 00 00 00 00 00 00 00 00 00 00 00 00 00 00 00 00 44 45 4C 54 41 20 20 20 54 58 54 00 06 00 01 05 00 00 00 00 00 00 00 00 00 00 00 00 00 00 00 
WILD-3  03 00 00 00 41 4C 50 48 41 20 20 20 54 58 54 00 06 00 01 02 00 00 00 00 00 00 00 00 00 00 00 00 00 00 00 00 42 45 54 41 20 20 20 20 54 58 54 00 05 00 01 03 00 00 00 00 00 00 00 00 00 00 00 00 00 00 00 00 47 41 4D 4D 41 20 20 20 42 49 4E 00 06 00 01 04 00 00 00 00 00 00 00 00 00 00 00 00 00 00 00 00 44 45 4C 54 41 20 20 20 54 58 54 00 06 00 01 05 00 00 00 00 00 00 00 00 00 00 00 00 00 00 00 
WILD-4  00 00 00 00 45 50 53 49 4C 4F 4E 20 54 58 54 00 08 00 01 06 00 00 00 00 00 00 00 00 00 00 00 00 00 00 00 00 44 53 52 43 48 30 30 39 43 4F 4D 00 68 00 0A 07 08 00 00 00 00 00 00 00 00 00 00 00 00 00 00 01 55 4F 4E 45 20 20 20 20 54 58 54 00 09 00 01 09 00 00 00 00 00 00 00 00 00 00 00 00 00 00 00 E5 43 52 45 46 38 30 20 20 43 4F 4D 00 00 00 20 1D 1E 1F 20 00 00 00 00 00 00 00 00 00 00 00 00 
WILD-ENDFF 00 00 00 45 50 53 49 4C 4F 4E 20 54 58 54 00 08 00 01 06 00 00 00 00 00 00 00 00 00 00 00 00 00 00 00 00 44 53 52 43 48 30 30 39 43 4F 4D 00 68 00 0A 07 08 00 00 00 00 00 00 00 00 00 00 00 00 00 00 01 55 4F 4E 45 20 20 20 20 54 58 54 00 09 00 01 09 00 00 00 00 00 00 00 00 00 00 00 00 00 00 00 E5 43 52 45 46 38 30 20 20 43 4F 4D 00 00 00 20 1D 1E 1F 20 00 00 00 00 00 00 00 00 00 00 00 00 
REPEAT-100 00 00 00 41 4C 50 48 41 20 20 20 54 58 54 00 06 00 01 02 00 00 00 00 00 00 00 00 00 00 00 00 00 00 00 00 42 45 54 41 20 20 20 20 54 58 54 00 05 00 01 03 00 00 00 00 00 00 00 00 00 00 00 00 00 00 00 00 47 41 4D 4D 41 20 20 20 42 49 4E 00 06 00 01 04 00 00 00 00 00 00 00 00 00 00 00 00 00 00 00 00 44 45 4C 54 41 20 20 20 54 58 54 00 06 00 01 05 00 00 00 00 00 00 00 00 00 00 00 00 00 00 00 
REPEAT-201 00 00 00 41 4C 50 48 41 20 20 20 54 58 54 00 06 00 01 02 00 00 00 00 00 00 00 00 00 00 00 00 00 00 00 00 42 45 54 41 20 20 20 20 54 58 54 00 05 00 01 03 00 00 00 00 00 00 00 00 00 00 00 00 00 00 00 00 47 41 4D 4D 41 20 20 20 42 49 4E 00 06 00 01 04 00 00 00 00 00 00 00 00 00 00 00 00 00 00 00 00 44 45 4C 54 41 20 20 20 54 58 54 00 06 00 01 05 00 00 00 00 00 00 00 00 00 00 00 00 00 00 00 
DMA-FIRST00 00 00 00 41 4C 50 48 41 20 20 20 54 58 54 00 06 00 01 02 00 00 00 00 00 00 00 00 00 00 00 00 00 00 00 00 42 45 54 41 20 20 20 20 54 58 54 00 05 00 01 03 00 00 00 00 00 00 00 00 00 00 00 00 00 00 00 00 47 41 4D 4D 41 20 20 20 42 49 4E 00 06 00 01 04 00 00 00 00 00 00 00 00 00 00 00 00 00 00 00 00 44 45 4C 54 41 20 20 20 54 58 54 00 06 00 01 05 00 00 00 00 00 00 00 00 00 00 00 00 00 00 00 
DMA-NEXT 01 00 00 00 41 4C 50 48 41 20 20 20 54 58 54 00 06 00 01 02 00 00 00 00 00 00 00 00 00 00 00 00 00 00 00 00 42 45 54 41 20 20 20 20 54 58 54 00 05 00 01 03 00 00 00 00 00 00 00 00 00 00 00 00 00 00 00 00 47 41 4D 4D 41 20 20 20 42 49 4E 00 06 00 01 04 00 00 00 00 00 00 00 00 00 00 00 00 00 00 00 00 44 45 4C 54 41 20 20 20 54 58 54 00 06 00 01 05 00 00 00 00 00 00 00 00 00 00 00 00 00 00 00 
ALT-DMA  03 00 E1 00 41 4C 50 48 41 20 20 20 54 58 54 00 06 00 01 02 00 00 00 00 00 00 00 00 00 00 00 00 00 00 00 00 42 45 54 41 20 20 20 20 54 58 54 00 05 00 01 03 00 00 00 00 00 00 00 00 00 00 00 00 00 00 00 00 47 41 4D 4D 41 20 20 20 42 49 4E 00 06 00 01 04 00 00 00 00 00 00 00 00 00 00 00 00 00 00 00 00 44 45 4C 54 41 20 20 20 54 58 54 00 06 00 01 05 00 00 00 00 00 00 00 00 00 00 00 00 00 00 00 
B-WILD-100 00 E1 00 42 52 41 56 4F 20 20 20 54 58 54 00 06 00 01 02 00 00 00 00 00 00 00 00 00 00 00 00 00 00 00 00 42 45 54 41 20 20 20 20 54 58 54 00 0A 00 01 03 00 00 00 00 00 00 00 00 00 00 00 00 00 00 00 00 4F 4D 45 47 41 20 20 20 42 49 4E 00 06 00 01 04 00 00 00 00 00 00 00 00 00 00 00 00 00 00 00 E5 53 55 52 56 45 59 20 20 4D 41 43 00 27 00 72 1D 1E 1F 20 21 22 23 24 25 26 27 28 29 2A 2B 00 
B-WILD-201 00 E1 00 42 52 41 56 4F 20 20 20 54 58 54 00 06 00 01 02 00 00 00 00 00 00 00 00 00 00 00 00 00 00 00 00 42 45 54 41 20 20 20 20 54 58 54 00 0A 00 01 03 00 00 00 00 00 00 00 00 00 00 00 00 00 00 00 00 4F 4D 45 47 41 20 20 20 42 49 4E 00 06 00 01 04 00 00 00 00 00 00 00 00 00 00 00 00 00 00 00 E5 53 55 52 56 45 59 20 20 4D 41 43 00 27 00 72 1D 1E 1F 20 21 22 23 24 25 26 27 28 29 2A 2B 00 
B-END   FF 00 E1 00 42 52 41 56 4F 20 20 20 54 58 54 00 06 00 01 02 00 00 00 00 00 00 00 00 00 00 00 00 00 00 00 00 42 45 54 41 20 20 20 20 54 58 54 00 0A 00 01 03 00 00 00 00 00 00 00 00 00 00 00 00 00 00 00 00 4F 4D 45 47 41 20 20 20 42 49 4E 00 06 00 01 04 00 00 00 00 00 00 00 00 00 00 00 00 00 00 00 E5 53 55 52 56 45 59 20 20 4D 41 43 00 27 00 72 1D 1E 1F 20 21 22 23 24 25 26 27 28 29 2A 2B 00 
CHANGE-100 00 E1 00 41 4C 50 48 41 20 20 20 54 58 54 00 06 00 01 02 00 00 00 00 00 00 00 00 00 00 00 00 00 00 00 00 42 45 54 41 20 20 20 20 54 58 54 00 05 00 01 03 00 00 00 00 00 00 00 00 00 00 00 00 00 00 00 00 47 41 4D 4D 41 20 20 20 42 49 4E 00 06 00 01 04 00 00 00 00 00 00 00 00 00 00 00 00 00 00 00 00 44 45 4C 54 41 20 20 20 54 58 54 00 06 00 01 05 00 00 00 00 00 00 00 00 00 00 00 00 00 00 00 
CHANGE-200 01 E1 00 42 52 41 56 4F 20 20 20 54 58 54 00 06 00 01 02 00 00 00 00 00 00 00 00 00 00 00 00 00 00 00 00 42 45 54 41 20 20 20 20 54 58 54 00 0A 00 01 03 00 00 00 00 00 00 00 00 00 00 00 00 00 00 00 00 4F 4D 45 47 41 20 20 20 42 49 4E 00 06 00 01 04 00 00 00 00 00 00 00 00 00 00 00 00 00 00 00 E5 53 55 52 56 45 59 20 20 4D 41 43 00 27 00 72 1D 1E 1F 20 21 22 23 24 25 26 27 28 29 2A 2B 00 
ANYUSER-100 00 E1 00 41 4C 50 48 41 20 20 20 54 58 54 00 06 00 01 02 00 00 00 00 00 00 00 00 00 00 00 00 00 00 00 00 42 45 54 41 20 20 20 20 54 58 54 00 05 00 01 03 00 00 00 00 00 00 00 00 00 00 00 00 00 00 00 00 47 41 4D 4D 41 20 20 20 42 49 4E 00 06 00 01 04 00 00 00 00 00 00 00 00 00 00 00 00 00 00 00 00 44 45 4C 54 41 20 20 20 54 58 54 00 06 00 01 05 00 00 00 00 00 00 00 00 00 00 00 00 00 00 00 
ANYUSER-N01 00 E1 00 41 4C 50 48 41 20 20 20 54 58 54 00 06 00 01 02 00 00 00 00 00 00 00 00 00 00 00 00 00 00 00 00 42 45 54 41 20 20 20 20 54 58 54 00 05 00 01 03 00 00 00 00 00 00 00 00 00 00 00 00 00 00 00 00 47 41 4D 4D 41 20 20 20 42 49 4E 00 06 00 01 04 00 00 00 00 00 00 00 00 00 00 00 00 00 00 00 00 44 45 4C 54 41 20 20 20 54 58 54 00 06 00 01 05 00 00 00 00 00 00 00 00 00 00 00 00 00 00 00 
ANYUSER-N02 00 E1 00 41 4C 50 48 41 20 20 20 54 58 54 00 06 00 01 02 00 00 00 00 00 00 00 00 00 00 00 00 00 00 00 00 42 45 54 41 20 20 20 20 54 58 54 00 05 00 01 03 00 00 00 00 00 00 00 00 00 00 00 00 00 00 00 00 47 41 4D 4D 41 20 20 20 42 49 4E 00 06 00 01 04 00 00 00 00 00 00 00 00 00 00 00 00 00 00 00 00 44 45 4C 54 41 20 20 20 54 58 54 00 06 00 01 05 00 00 00 00 00 00 00 00 00 00 00 00 00 00 00 
ANYUSER-N03 00 E1 00 41 4C 50 48 41 20 20 20 54 58 54 00 06 00 01 02 00 00 00 00 00 00 00 00 00 00 00 00 00 00 00 00 42 45 54 41 20 20 20 20 54 58 54 00 05 00 01 03 00 00 00 00 00 00 00 00 00 00 00 00 00 00 00 00 47 41 4D 4D 41 20 20 20 42 49 4E 00 06 00 01 04 00 00 00 00 00 00 00 00 00 00 00 00 00 00 00 00 44 45 4C 54 41 20 20 20 54 58 54 00 06 00 01 05 00 00 00 00 00 00 00 00 00 00 00 00 00 00 00 
ANYUSER-N00 00 E1 00 45 50 53 49 4C 4F 4E 20 54 58 54 00 08 00 01 06 00 00 00 00 00 00 00 00 00 00 00 00 00 00 00 00 44 53 52 43 48 30 30 39 43 4F 4D 00 68 00 0A 07 08 00 00 00 00 00 00 00 00 00 00 00 00 00 00 01 55 4F 4E 45 20 20 20 20 54 58 54 00 09 00 01 09 00 00 00 00 00 00 00 00 00 00 00 00 00 00 00 E5 43 52 45 46 38 30 20 20 43 4F 4D 00 00 00 20 1D 1E 1F 20 00 00 00 00 00 00 00 00 00 00 00 00 
ANYUSER-N01 00 E1 00 45 50 53 49 4C 4F 4E 20 54 58 54 00 08 00 01 06 00 00 00 00 00 00 00 00 00 00 00 00 00 00 00 00 44 53 52 43 48 30 30 39 43 4F 4D 00 68 00 0A 07 08 00 00 00 00 00 00 00 00 00 00 00 00 00 00 01 55 4F 4E 45 20 20 20 20 54 58 54 00 09 00 01 09 00 00 00 00 00 00 00 00 00 00 00 00 00 00 00 E5 43 52 45 46 38 30 20 20 43 4F 4D 00 00 00 20 1D 1E 1F 20 00 00 00 00 00 00 00 00 00 00 00 00 
ANYUSER-N02 00 E1 00 45 50 53 49 4C 4F 4E 20 54 58 54 00 08 00 01 06 00 00 00 00 00 00 00 00 00 00 00 00 00 00 00 00 44 53 52 43 48 30 30 39 43 4F 4D 00 68 00 0A 07 08 00 00 00 00 00 00 00 00 00 00 00 00 00 00 01 55 4F 4E 45 20 20 20 20 54 58 54 00 09 00 01 09 00 00 00 00 00 00 00 00 00 00 00 00 00 00 00 E5 43 52 45 46 38 30 20 20 43 4F 4D 00 00 00 20 1D 1E 1F 20 00 00 00 00 00 00 00 00 00 00 00 00 
ANYUSER-NFF 00 E1 00 45 50 53 49 4C 4F 4E 20 54 58 54 00 08 00 01 06 00 00 00 00 00 00 00 00 00 00 00 00 00 00 00 00 44 53 52 43 48 30 30 39 43 4F 4D 00 68 00 0A 07 08 00 00 00 00 00 00 00 00 00 00 00 00 00 00 01 55 4F 4E 45 20 20 20 20 54 58 54 00 09 00 01 09 00 00 00 00 00 00 00 00 00 00 00 00 00 00 00 E5 43 52 45 46 38 30 20 20 43 4F 4D 00 00 00 20 1D 1E 1F 20 00 00 00 00 00 00 00 00 00 00 00 00 

A>[0;31mE (95059) IO: can't read console 0[0m

User Interrupt at 0xfbc1
I/O ran for 252 ms, waited for 0 ms
CPU executed 11458754 t-states in 11 ms
Clock frequency 998.41 MHz
